(11802.70 21531.35) (12058.00 21531.35)
(12058.00 21531.35) (12061.63 21531.35)
(12061.63 21531.35) (12062.85 21532.57)
(12062.85 21532.57) (13534.16 21532.57)
(13534.16 21532.57) (14718.40 22716.81)
(14718.40 22716.81) (14718.40 24029.16)
(14718.40 24029.16) (14697.40 24050.16)
(14697.40 24050.16) (14653.00 24050.16)
(14653.00 24050.16) (14632.00 24071.16)
(14632.00 24071.16) (14632.00 24113.16)
(14632.00 24113.16) (14653.00 24134.16)
(14653.00 24134.16) (14697.40 24134.16)
(14697.40 24134.16) (14718.40 24155.16)
(14718.40 24155.16) (14718.40 24197.16)
(14718.40 24197.16) (14697.40 24218.16)
(14697.40 24218.16) (14653.00 24218.16)
(14653.00 24218.16) (14632.00 24239.16)
(14632.00 24239.16) (14632.00 24281.16)
(14632.00 24281.16) (14653.00 24302.16)
(14653.00 24302.16) (14697.40 24302.16)
(14697.40 24302.16) (14718.40 24323.16)
(14718.40 24323.16) (14718.40 24365.16)
(14718.40 24365.16) (14697.40 24386.16)
(14697.40 24386.16) (14653.00 24386.16)
(14653.00 24386.16) (14632.00 24407.16)
(14632.00 24407.16) (14632.00 24449.16)
(14632.00 24449.16) (14653.00 24470.16)
(14653.00 24470.16) (14697.40 24470.16)
(14697.40 24470.16) (14718.40 24491.16)
(14718.40 24491.16) (14718.40 24533.16)
(14718.40 24533.16) (14697.40 24554.16)
(14697.40 24554.16) (14653.00 24554.16)
(14653.00 24554.16) (14632.00 24575.16)
(14632.00 24575.16) (14632.00 24617.16)
(14632.00 24617.16) (14653.00 24638.16)
(14653.00 24638.16) (14697.40 24638.16)
(14697.40 24638.16) (14718.40 24659.16)
(14718.40 24659.16) (14718.40 24701.16)
(14718.40 24701.16) (14697.40 24722.16)
(14697.40 24722.16) (14653.00 24722.16)
(14653.00 24722.16) (14632.00 24743.16)
(14632.00 24743.16) (14632.00 24785.16)
(14632.00 24785.16) (14653.00 24806.16)
(14653.00 24806.16) (14697.40 24806.16)
(14697.40 24806.16) (14718.40 24827.16)
(14718.40 24827.16) (14718.40 24869.16)
(14718.40 24869.16) (14697.40 24890.16)
(14697.40 24890.16) (14653.00 24890.16)
(14653.00 24890.16) (14632.00 24911.16)
(14632.00 24911.16) (14632.00 24953.16)
(14632.00 24953.16) (14653.00 24974.16)
(14653.00 24974.16) (14697.40 24974.16)
(14697.40 24974.16) (14718.40 24995.16)
(14718.40 24995.16) (14718.40 25037.16)
(14718.40 25037.16) (14697.40 25058.16)
(14697.40 25058.16) (14653.00 25058.16)
(14653.00 25058.16) (14632.00 25079.16)
(14632.00 25079.16) (14632.00 25121.16)
(14632.00 25121.16) (14653.00 25142.16)
(14653.00 25142.16) (14697.40 25142.16)
(14697.40 25142.16) (14718.40 25163.16)
(14718.40 25163.16) (14718.40 25205.16)
(14718.40 25205.16) (14697.40 25226.16)
(14697.40 25226.16) (14653.00 25226.16)
(14653.00 25226.16) (14632.00 25247.16)
(14632.00 25247.16) (14632.00 25289.16)
(14632.00 25289.16) (14653.00 25310.16)
(14653.00 25310.16) (14697.40 25310.16)
(14697.40 25310.16) (14718.40 25331.16)
(14718.40 25331.16) (14718.40 25373.16)
(14718.40 25373.16) (14697.40 25394.16)
(14697.40 25394.16) (14653.00 25394.16)
(14653.00 25394.16) (14632.00 25415.16)
(14632.00 25415.16) (14632.00 25457.16)
(14632.00 25457.16) (14653.00 25478.16)
(14653.00 25478.16) (14697.40 25478.16)
(14697.40 25478.16) (14718.40 25499.16)
(14718.40 25499.16) (14718.40 25541.16)
(14718.40 25541.16) (14697.40 25562.16)
(14697.40 25562.16) (14653.00 25562.16)
(14653.00 25562.16) (14632.00 25583.16)
(14632.00 25583.16) (14632.00 25625.16)
(14632.00 25625.16) (14653.00 25646.16)
(14653.00 25646.16) (14697.40 25646.16)
(14697.40 25646.16) (14718.40 25667.16)
(14718.40 25667.16) (14718.40 25709.16)
(14718.40 25709.16) (14697.40 25730.16)
(14697.40 25730.16) (14653.00 25730.16)
(14653.00 25730.16) (14632.00 25751.16)
(14632.00 25751.16) (14632.00 25793.16)
(14632.00 25793.16) (14653.00 25814.16)
(14653.00 25814.16) (14697.40 25814.16)
(14697.40 25814.16) (14718.40 25835.16)
(14718.40 25835.16) (14718.40 25877.16)
(14718.40 25877.16) (14697.40 25898.16)
(14697.40 25898.16) (14653.00 25898.16)
(14653.00 25898.16) (14632.00 25919.16)
(14632.00 25919.16) (14632.00 25961.16)
(14632.00 25961.16) (14653.00 25982.16)
(14653.00 25982.16) (14697.40 25982.16)
(14697.40 25982.16) (14718.40 26003.16)
(14718.40 26003.16) (14718.40 26045.16)
(14718.40 26045.16) (14697.40 26066.16)
(14697.40 26066.16) (14653.00 26066.16)
(14653.00 26066.16) (14632.00 26087.16)
(14632.00 26087.16) (14632.00 26129.16)
(14632.00 26129.16) (14653.00 26150.16)
(14653.00 26150.16) (14697.40 26150.16)
(14697.40 26150.16) (14718.40 26171.16)
(14718.40 26171.16) (14718.40 26213.16)
(14718.40 26213.16) (14697.40 26234.16)
(14697.40 26234.16) (14653.00 26234.16)
(14653.00 26234.16) (14632.00 26255.16)
(14632.00 26255.16) (14632.00 26297.16)
(14632.00 26297.16) (14653.00 26318.16)
(14653.00 26318.16) (14697.40 26318.16)
(14697.40 26318.16) (14718.40 26339.16)
(14718.40 26339.16) (14718.40 26381.16)
(14718.40 26381.16) (14697.40 26402.16)
(14697.40 26402.16) (14653.00 26402.16)
(14653.00 26402.16) (14632.00 26423.16)
(14632.00 26423.16) (14632.00 26465.16)
(14632.00 26465.16) (14653.00 26486.16)
(14653.00 26486.16) (14697.40 26486.16)
(14697.40 26486.16) (14718.40 26507.16)
(14718.40 26507.16) (14718.40 26549.16)
(14718.40 26549.16) (14697.40 26570.16)
(14697.40 26570.16) (14653.00 26570.16)
(14653.00 26570.16) (14632.00 26591.16)
(14632.00 26591.16) (14632.00 26633.16)
(14632.00 26633.16) (14653.00 26654.16)
(14653.00 26654.16) (14697.40 26654.16)
(14697.40 26654.16) (14718.40 26675.16)
(14718.40 26675.16) (14718.40 26717.16)
(14718.40 26717.16) (14697.40 26738.16)
(14697.40 26738.16) (14653.00 26738.16)
(14653.00 26738.16) (14632.00 26759.16)
(14632.00 26759.16) (14632.00 26801.16)
(14632.00 26801.16) (14653.00 26822.16)
(14653.00 26822.16) (14697.40 26822.16)
(14697.40 26822.16) (14718.40 26843.16)
(14718.40 26843.16) (14718.40 26885.16)
(14718.40 26885.16) (14697.40 26906.16)
(14697.40 26906.16) (14653.00 26906.16)
(14653.00 26906.16) (14632.00 26927.16)
(14632.00 26927.16) (14632.00 26969.16)
(14632.00 26969.16) (14653.00 26990.16)
(14653.00 26990.16) (14697.40 26990.16)
(14697.40 26990.16) (14718.40 27011.16)
(14718.40 27011.16) (14718.40 27053.16)
(14718.40 27053.16) (14697.40 27074.16)
(14697.40 27074.16) (14653.00 27074.16)
(14653.00 27074.16) (14632.00 27095.16)
(14632.00 27095.16) (14632.00 27137.16)
(14632.00 27137.16) (14653.00 27158.16)
(14653.00 27158.16) (14697.40 27158.16)
(14697.40 27158.16) (14718.40 27179.16)
(14718.40 27179.16) (14718.40 27221.16)
(14718.40 27221.16) (14697.40 27242.16)
(14697.40 27242.16) (14653.00 27242.16)
(14653.00 27242.16) (14632.00 27263.16)
(14632.00 27263.16) (14632.00 27305.16)
(14632.00 27305.16) (14653.00 27326.16)
(14653.00 27326.16) (14697.40 27326.16)
(14697.40 27326.16) (14718.40 27347.16)
(14718.40 27347.16) (14718.40 27389.16)
(14718.40 27389.16) (14697.40 27410.16)
(14697.40 27410.16) (14653.00 27410.16)
(14653.00 27410.16) (14632.00 27431.16)
(14632.00 27431.16) (14632.00 27473.16)
(14632.00 27473.16) (14653.00 27494.16)
(14653.00 27494.16) (14697.40 27494.16)
(14697.40 27494.16) (14718.40 27515.16)
(14718.40 27515.16) (14718.40 29562.60)
(14718.40 29562.60) (15221.55 30065.75)
(15221.55 30065.75) (17337.55 30065.75)
(17337.55 30065.75) (17781.04 30509.24)
(17781.04 30509.24) (20731.24 30509.24)
(20731.24 30509.24) (21072.00 30850.00)
