DQ4_3
17863.00 25258.00 17803.60 25198.60
17803.60 25198.60 17803.59 25198.60
17803.59 25198.60 17670.00 25065.01
17670.00 25065.01 17670.00 22800.01
17670.00 22800.01 17441.39 22571.40
17441.39 22571.40 17441.39 22517.66
17441.39 22517.66 17463.65 22495.40
17463.65 22495.40 17463.66 22441.68
17463.66 22441.68 17409.90 22387.92
17409.90 22387.92 17356.16 22387.91
17356.16 22387.91 17257.90 22486.17
17257.90 22486.17 17204.16 22486.16
17204.16 22486.16 17150.40 22432.40
17150.40 22432.40 17150.41 22378.68
17150.41 22378.68 17248.67 22280.42
17248.67 22280.42 17248.68 22226.70
17248.68 22226.70 17194.92 22172.94
17194.92 22172.94 17141.18 22172.93
17141.18 22172.93 17042.92 22271.19
17042.92 22271.19 16989.18 22271.18
16989.18 22271.18 16935.42 22217.42
16935.42 22217.42 16935.43 22163.70
16935.43 22163.70 17033.69 22065.44
17033.69 22065.44 17033.70 22011.72
17033.70 22011.72 16979.94 21957.96
16979.94 21957.96 16926.20 21957.95
16926.20 21957.95 16827.94 22056.21
16827.94 22056.21 16774.20 22056.20
16774.20 22056.20 16720.44 22002.44
16720.44 22002.44 16720.45 21948.72
16720.45 21948.72 16818.71 21850.46
16818.71 21850.46 16818.72 21796.74
16818.72 21796.74 16764.96 21742.98
16764.96 21742.98 16711.22 21742.97
16711.22 21742.97 16612.96 21841.23
16612.96 21841.23 16559.22 21841.22
16559.22 21841.22 16505.46 21787.46
16505.46 21787.46 16505.47 21733.74
16505.47 21733.74 16603.73 21635.48
16603.73 21635.48 16603.74 21581.76
16603.74 21581.76 16549.98 21528.00
16549.98 21528.00 16496.24 21527.99
16496.24 21527.99 16397.98 21626.25
16397.98 21626.25 16344.24 21626.24
16344.24 21626.24 16290.48 21572.48
16290.48 21572.48 16290.49 21518.76
16290.49 21518.76 16388.75 21420.50
16388.75 21420.50 16388.76 21366.78
16388.76 21366.78 16335.00 21313.02
16335.00 21313.02 16281.26 21313.01
16281.26 21313.01 16183.00 21411.27
16183.00 21411.27 16129.26 21411.26
16129.26 21411.26 16075.50 21357.50
16075.50 21357.50 16075.51 21303.78
16075.51 21303.78 16173.77 21205.52
16173.77 21205.52 16173.78 21151.80
16173.78 21151.80 16120.02 21098.04
16120.02 21098.04 16066.28 21098.03
16066.28 21098.03 15968.02 21196.29
15968.02 21196.29 15914.28 21196.28
15914.28 21196.28 15860.52 21142.52
15860.52 21142.52 15860.53 21088.80
15860.53 21088.80 15958.79 20990.54
15958.79 20990.54 15958.80 20936.82
15958.80 20936.82 15905.04 20883.06
15905.04 20883.06 15851.30 20883.06
15851.30 20883.06 15829.04 20905.32
15829.04 20905.32 15775.30 20905.31
15775.30 20905.31 15427.99 20558.00
15427.99 20558.00 14838.87 20558.00
14838.87 20558.00 14800.87 20596.00
14800.87 20596.00 14800.87 20634.00
14800.87 20634.00 14762.87 20672.00
14762.87 20672.00 14686.87 20672.00
14686.87 20672.00 14648.87 20634.00
14648.87 20634.00 14648.87 20482.00
14648.87 20482.00 14610.87 20444.00
14610.87 20444.00 14534.87 20444.00
14534.87 20444.00 14496.87 20482.00
14496.87 20482.00 14496.87 20634.00
14496.87 20634.00 14458.87 20672.00
14458.87 20672.00 14382.87 20672.00
14382.87 20672.00 14344.87 20634.00
14344.87 20634.00 14344.87 20482.00
14344.87 20482.00 14306.87 20444.00
14306.87 20444.00 14230.87 20444.00
14230.87 20444.00 14192.87 20482.00
14192.87 20482.00 14192.87 20634.00
14192.87 20634.00 14154.87 20672.00
14154.87 20672.00 14078.87 20672.00
14078.87 20672.00 14040.87 20634.00
14040.87 20634.00 14040.87 20482.00
14040.87 20482.00 14002.87 20444.00
14002.87 20444.00 13926.87 20444.00
13926.87 20444.00 13888.87 20482.00
13888.87 20482.00 13888.87 20634.00
13888.87 20634.00 13850.87 20672.00
13850.87 20672.00 13774.87 20672.00
13774.87 20672.00 13736.87 20634.00
13736.87 20634.00 13736.87 20482.00
13736.87 20482.00 13698.87 20444.00
13698.87 20444.00 13622.87 20444.00
13622.87 20444.00 13584.87 20482.00
13584.87 20482.00 13584.87 20634.00
13584.87 20634.00 13546.87 20672.00
13546.87 20672.00 13470.87 20672.00
13470.87 20672.00 13432.87 20634.00
13432.87 20634.00 13432.87 20596.00
13432.87 20596.00 13394.87 20558.00
13394.87 20558.00 13072.00 20558.00
13072.00 20558.00 12882.00 20368.00
12882.00 20368.00 12170.00 20368.00
12170.00 20368.00 12160.01 20368.00
12160.01 20368.00 12159.00 20369.01
12159.00 20369.01 12115.26 20369.01
12115.26 20369.01 12008.04 20476.23
12008.04 20476.23 11435.76 20476.23
11435.76 20476.23 11408.20 20503.79
11408.20 20503.79 11233.42 20503.79
11233.42 20503.79 11166.50 20570.71

DQ4_2
21063.00 25258.00 20785.00 25536.00
20785.00 25536.00 18901.96 25536.00
18901.96 25536.00 18825.96 25460.00
18825.96 25460.00 18749.96 25460.00
18749.96 25460.00 18711.96 25498.00
18711.96 25498.00 18711.96 25574.00
18711.96 25574.00 18673.96 25612.00
18673.96 25612.00 18597.96 25612.00
18597.96 25612.00 18559.96 25574.00
18559.96 25574.00 18559.96 25498.00
18559.96 25498.00 18521.96 25460.00
18521.96 25460.00 18445.96 25460.00
18445.96 25460.00 18407.96 25498.00
18407.96 25498.00 18407.96 25574.00
18407.96 25574.00 18369.96 25612.00
18369.96 25612.00 18293.96 25612.00
18293.96 25612.00 18255.96 25574.00
18255.96 25574.00 18255.96 25498.00
18255.96 25498.00 18217.96 25460.00
18217.96 25460.00 18141.96 25460.00
18141.96 25460.00 18065.96 25536.00
18065.96 25536.00 17783.99 25536.00
17783.99 25536.00 17442.00 25194.01
17442.00 25194.01 17442.00 25005.11
17442.00 25005.11 17518.00 24929.11
17518.00 24929.11 17518.00 24853.11
17518.00 24853.11 17442.00 24777.11
17442.00 24777.11 17442.00 24701.11
17442.00 24701.11 17518.00 24625.11
17518.00 24625.11 17518.00 24549.11
17518.00 24549.11 17442.00 24473.11
17442.00 24473.11 17442.00 24397.11
17442.00 24397.11 17518.00 24321.11
17518.00 24321.11 17518.00 24245.11
17518.00 24245.11 17442.00 24169.11
17442.00 24169.11 17442.00 24093.11
17442.00 24093.11 17518.00 24017.11
17518.00 24017.11 17518.00 23941.11
17518.00 23941.11 17442.00 23865.11
17442.00 23865.11 17442.00 23789.11
17442.00 23789.11 17518.00 23713.11
17518.00 23713.11 17518.00 23637.11
17518.00 23637.11 17442.00 23561.11
17442.00 23561.11 17442.00 23485.11
17442.00 23485.11 17518.00 23409.11
17518.00 23409.11 17518.00 23333.11
17518.00 23333.11 17442.00 23257.11
17442.00 23257.11 17442.00 23181.11
17442.00 23181.11 17518.00 23105.11
17518.00 23105.11 17518.00 23029.11
17518.00 23029.11 17442.00 22953.11
17442.00 22953.11 17442.00 22952.01
17442.00 22952.01 15351.99 20862.00
15351.99 20862.00 13148.00 20862.00
13148.00 20862.00 12768.00 20482.00
12768.00 20482.00 12170.00 20482.00
12170.00 20482.00 12122.00 20482.00
12122.00 20482.00 12099.49 20504.51
12099.49 20504.51 11448.50 20504.51
11448.50 20504.51 11382.30 20570.71
11382.30 20570.71 11323.30 20570.71

DQ4_0
21863.00 26058.00 21683.00 25878.00
21683.00 25878.00 17708.00 25878.00
17708.00 25878.00 17290.00 25460.00
17290.00 25460.00 17290.00 22990.00
17290.00 22990.00 15428.00 21128.00
15428.00 21128.00 14476.65 21128.00
14476.65 21128.00 14438.65 21090.00
14438.65 21090.00 14438.65 21052.00
14438.65 21052.00 14400.65 21014.00
14400.65 21014.00 14324.65 21014.00
14324.65 21014.00 14286.65 21052.00
14286.65 21052.00 14286.65 21090.00
14286.65 21090.00 14248.65 21128.00
14248.65 21128.00 14172.65 21128.00
14172.65 21128.00 14134.65 21090.00
14134.65 21090.00 14134.65 21052.00
14134.65 21052.00 14096.65 21014.00
14096.65 21014.00 14020.65 21014.00
14020.65 21014.00 13982.65 21052.00
13982.65 21052.00 13982.65 21090.00
13982.65 21090.00 13944.65 21128.00
13944.65 21128.00 13868.65 21128.00
13868.65 21128.00 13830.65 21090.00
13830.65 21090.00 13830.65 21052.00
13830.65 21052.00 13792.65 21014.00
13792.65 21014.00 13716.65 21014.00
13716.65 21014.00 13678.65 21052.00
13678.65 21052.00 13678.65 21090.00
13678.65 21090.00 13640.65 21128.00
13640.65 21128.00 13564.65 21128.00
13564.65 21128.00 13526.65 21090.00
13526.65 21090.00 13526.65 21052.00
13526.65 21052.00 13488.65 21014.00
13488.65 21014.00 13412.65 21014.00
13412.65 21014.00 13374.65 21052.00
13374.65 21052.00 13374.65 21090.00
13374.65 21090.00 13336.65 21128.00
13336.65 21128.00 13186.00 21128.00
13186.00 21128.00 12654.00 20596.00
12654.00 20596.00 12170.00 20596.00
12170.00 20596.00 11889.99 20596.00
11889.99 20596.00 11864.70 20570.71
11864.70 20570.71 11793.70 20570.71

DQ4_1
17063.00 26058.00 17063.00 25908.14
17063.00 25908.14 17101.00 25870.14
17101.00 25870.14 17176.00 25870.14
17176.00 25870.14 17214.00 25832.14
17214.00 25832.14 17214.00 25756.14
17214.00 25756.14 17176.00 25718.14
17176.00 25718.14 17101.00 25718.14
17101.00 25718.14 17063.00 25680.14
17063.00 25680.14 17063.00 25613.00
17063.00 25613.00 16986.00 25536.00
16986.00 25536.00 16986.00 25462.41
16986.00 25462.41 17024.00 25424.41
17024.00 25424.41 17100.00 25424.41
17100.00 25424.41 17138.00 25386.41
17138.00 25386.41 17138.00 25310.41
17138.00 25310.41 17100.00 25272.41
17100.00 25272.41 17024.00 25272.41
17024.00 25272.41 16986.00 25234.41
16986.00 25234.41 16986.00 25158.41
16986.00 25158.41 17024.00 25120.41
17024.00 25120.41 17100.00 25120.41
17100.00 25120.41 17138.00 25082.41
17138.00 25082.41 17138.00 25006.41
17138.00 25006.41 17100.00 24968.41
17100.00 24968.41 17024.00 24968.41
17024.00 24968.41 16986.00 24930.41
16986.00 24930.41 16986.00 24854.41
16986.00 24854.41 17024.00 24816.41
17024.00 24816.41 17100.00 24816.41
17100.00 24816.41 17138.00 24778.41
17138.00 24778.41 17138.00 24702.41
17138.00 24702.41 17100.00 24664.41
17100.00 24664.41 17024.00 24664.41
17024.00 24664.41 16986.00 24626.41
16986.00 24626.41 16986.00 24550.41
16986.00 24550.41 17024.00 24512.41
17024.00 24512.41 17100.00 24512.41
17100.00 24512.41 17138.00 24474.41
17138.00 24474.41 17138.00 24398.41
17138.00 24398.41 17100.00 24360.41
17100.00 24360.41 17024.00 24360.41
17024.00 24360.41 16986.00 24322.41
16986.00 24322.41 16986.00 24246.41
16986.00 24246.41 17024.00 24208.41
17024.00 24208.41 17100.00 24208.41
17100.00 24208.41 17138.00 24170.41
17138.00 24170.41 17138.00 24094.41
17138.00 24094.41 17100.00 24056.41
17100.00 24056.41 17024.00 24056.41
17024.00 24056.41 16986.00 24018.41
16986.00 24018.41 16986.00 23942.41
16986.00 23942.41 17024.00 23904.41
17024.00 23904.41 17100.00 23904.41
17100.00 23904.41 17138.00 23866.41
17138.00 23866.41 17138.00 23790.41
17138.00 23790.41 17100.00 23752.41
17100.00 23752.41 17024.00 23752.41
17024.00 23752.41 16986.00 23714.41
16986.00 23714.41 16986.00 23638.41
16986.00 23638.41 17024.00 23600.41
17024.00 23600.41 17100.00 23600.41
17100.00 23600.41 17138.00 23562.41
17138.00 23562.41 17138.00 23486.41
17138.00 23486.41 17100.00 23448.41
17100.00 23448.41 17024.00 23448.41
17024.00 23448.41 16986.00 23410.41
16986.00 23410.41 16986.00 23334.41
16986.00 23334.41 17024.00 23296.41
17024.00 23296.41 17100.00 23296.41
17100.00 23296.41 17138.00 23258.41
17138.00 23258.41 17138.00 23182.41
17138.00 23182.41 17100.00 23144.41
17100.00 23144.41 17024.00 23144.41
17024.00 23144.41 16986.00 23106.41
16986.00 23106.41 16986.00 23104.00
16986.00 23104.00 16849.54 22967.54
16849.54 22967.54 16849.54 22913.80
16849.54 22913.80 16909.80 22853.54
16909.80 22853.54 16909.80 22799.80
16909.80 22799.80 16856.05 22746.05
16856.05 22746.05 16802.31 22746.05
16802.31 22746.05 16742.05 22806.31
16742.05 22806.31 16688.31 22806.31
16688.31 22806.31 16634.56 22752.56
16634.56 22752.56 16634.56 22698.82
16634.56 22698.82 16694.82 22638.56
16694.82 22638.56 16694.82 22584.82
16694.82 22584.82 16641.07 22531.07
16641.07 22531.07 16587.33 22531.07
16587.33 22531.07 16527.07 22591.33
16527.07 22591.33 16473.33 22591.33
16473.33 22591.33 16419.58 22537.58
16419.58 22537.58 16419.58 22483.84
16419.58 22483.84 16479.84 22423.58
16479.84 22423.58 16479.84 22369.84
16479.84 22369.84 16426.09 22316.09
16426.09 22316.09 16372.35 22316.09
16372.35 22316.09 16312.09 22376.35
16312.09 22376.35 16258.35 22376.35
16258.35 22376.35 16204.60 22322.60
16204.60 22322.60 16204.60 22268.86
16204.60 22268.86 16264.86 22208.60
16264.86 22208.60 16264.86 22154.86
16264.86 22154.86 16211.11 22101.11
16211.11 22101.11 16157.37 22101.11
16157.37 22101.11 16097.11 22161.37
16097.11 22161.37 16043.37 22161.37
16043.37 22161.37 15989.62 22107.62
15989.62 22107.62 15989.62 22053.88
15989.62 22053.88 16049.88 21993.62
16049.88 21993.62 16049.88 21939.88
16049.88 21939.88 15996.13 21886.13
15996.13 21886.13 15942.39 21886.13
15942.39 21886.13 15882.13 21946.39
15882.13 21946.39 15828.39 21946.39
15828.39 21946.39 15774.64 21892.64
15774.64 21892.64 15774.64 21838.90
15774.64 21838.90 15834.90 21778.64
15834.90 21778.64 15834.90 21724.90
15834.90 21724.90 15781.15 21671.15
15781.15 21671.15 15727.41 21671.15
15727.41 21671.15 15667.15 21731.41
15667.15 21731.41 15613.41 21731.41
15613.41 21731.41 15559.66 21677.66
15559.66 21677.66 15559.66 21623.92
15559.66 21623.92 15619.92 21563.66
15619.92 21563.66 15619.92 21509.92
15619.92 21509.92 15566.17 21456.17
15566.17 21456.17 15512.43 21456.17
15512.43 21456.17 15452.17 21516.43
15452.17 21516.43 15398.43 21516.43
15398.43 21516.43 15314.00 21432.00
15314.00 21432.00 15150.51 21432.00
15150.51 21432.00 15112.51 21394.00
15112.51 21394.00 15112.51 21318.00
15112.51 21318.00 15074.51 21280.00
15074.51 21280.00 14998.51 21280.00
14998.51 21280.00 14960.51 21318.00
14960.51 21318.00 14960.51 21394.00
14960.51 21394.00 14922.51 21432.00
14922.51 21432.00 14846.51 21432.00
14846.51 21432.00 14808.51 21394.00
14808.51 21394.00 14808.51 21318.00
14808.51 21318.00 14770.51 21280.00
14770.51 21280.00 14694.51 21280.00
14694.51 21280.00 14656.51 21318.00
14656.51 21318.00 14656.51 21394.00
14656.51 21394.00 14618.51 21432.00
14618.51 21432.00 14542.51 21432.00
14542.51 21432.00 14504.51 21394.00
14504.51 21394.00 14504.51 21318.00
14504.51 21318.00 14466.51 21280.00
14466.51 21280.00 14390.51 21280.00
14390.51 21280.00 14352.51 21318.00
14352.51 21318.00 14352.51 21394.00
14352.51 21394.00 14314.51 21432.00
14314.51 21432.00 14238.51 21432.00
14238.51 21432.00 14200.51 21394.00
14200.51 21394.00 14200.51 21318.00
14200.51 21318.00 14162.51 21280.00
14162.51 21280.00 14086.51 21280.00
14086.51 21280.00 14048.51 21318.00
14048.51 21318.00 14048.51 21394.00
14048.51 21394.00 14010.51 21432.00
14010.51 21432.00 13934.51 21432.00
13934.51 21432.00 13896.51 21394.00
13896.51 21394.00 13896.51 21318.00
13896.51 21318.00 13858.51 21280.00
13858.51 21280.00 13782.51 21280.00
13782.51 21280.00 13744.51 21318.00
13744.51 21318.00 13744.51 21394.00
13744.51 21394.00 13706.51 21432.00
13706.51 21432.00 13630.51 21432.00
13630.51 21432.00 13592.51 21394.00
13592.51 21394.00 13592.51 21318.00
13592.51 21318.00 13554.51 21280.00
13554.51 21280.00 13478.51 21280.00
13478.51 21280.00 13440.51 21318.00
13440.51 21318.00 13440.51 21394.00
13440.51 21394.00 13402.51 21432.00
13402.51 21432.00 13299.99 21432.00
13299.99 21432.00 12577.99 20710.00
12577.99 20710.00 12170.00 20710.00
12170.00 20710.00 11915.35 20710.00
11915.35 20710.00 11842.61 20637.26
11842.61 20637.26 11703.45 20637.26
11703.45 20637.26 11636.90 20570.71

DQ4_4
11793.70 20893.59 11864.70 20893.59
11864.70 20893.59 12023.11 21052.00
12023.11 21052.00 12084.00 21052.00
12084.00 21052.00 12153.00 21121.00
12153.00 21121.00 13452.00 22420.00
13452.00 22420.00 14820.00 22420.00
14820.00 22420.00 15846.00 23446.00
15846.00 23446.00 15846.00 25870.98
15846.00 25870.98 16870.14 26895.12
16870.14 26895.12 20846.12 26895.12
20846.12 26895.12 21609.00 27658.00
21609.00 27658.00 21863.00 27658.00

 DQ4_6
 21063.00 27658.00 20537.00 27132.00
20537.00 27132.00 16772.02 27132.00
16772.02 27132.00 15542.00 25901.98
15542.00 25901.98 15542.00 23522.00
15542.00 23522.00 14668.00 22648.00
14668.00 22648.00 14433.72 22648.00
14433.72 22648.00 14357.72 22572.00
14357.72 22572.00 14281.72 22572.00
14281.72 22572.00 14205.72 22648.00
14205.72 22648.00 14129.72 22648.00
14129.72 22648.00 14053.72 22572.00
14053.72 22572.00 13977.72 22572.00
13977.72 22572.00 13901.72 22648.00
13901.72 22648.00 13825.72 22648.00
13825.72 22648.00 13749.72 22572.00
13749.72 22572.00 13673.72 22572.00
13673.72 22572.00 13597.72 22648.00
13597.72 22648.00 13490.00 22648.00
13490.00 22648.00 12033.00 21191.00
12033.00 21191.00 12033.00 21153.00
12033.00 21153.00 11856.78 20976.78
11856.78 20976.78 11771.07 20976.78
11771.07 20976.78 11714.57 20920.28
11714.57 20920.28 11714.57 20856.39
11714.57 20856.39 11680.92 20822.74
11680.92 20822.74 11394.15 20822.74
11394.15 20822.74 11323.30 20893.59

DQ4_5
11636.90 20893.59 11687.11 20943.80
11687.11 20943.80 11687.11 20997.11
11687.11 20997.11 11843.01 21153.00
11843.01 21153.00 11843.01 21191.02
11843.01 21191.02 13565.99 22914.00
13565.99 22914.00 13745.87 22914.00
13745.87 22914.00 13783.87 22876.00
13783.87 22876.00 13783.87 22838.00
13783.87 22838.00 13821.87 22800.00
13821.87 22800.00 13897.87 22800.00
13897.87 22800.00 13935.87 22838.00
13935.87 22838.00 13935.87 22990.00
13935.87 22990.00 13973.87 23028.00
13973.87 23028.00 14049.87 23028.00
14049.87 23028.00 14087.87 22990.00
14087.87 22990.00 14087.87 22838.00
14087.87 22838.00 14125.87 22800.00
14125.87 22800.00 14201.87 22800.00
14201.87 22800.00 14239.87 22838.00
14239.87 22838.00 14239.87 22990.00
14239.87 22990.00 14277.87 23028.00
14277.87 23028.00 14353.87 23028.00
14353.87 23028.00 14391.87 22990.00
14391.87 22990.00 14391.87 22952.00
14391.87 22952.00 14429.87 22914.00
14429.87 22914.00 14554.00 22914.00
14554.00 22914.00 15238.00 23598.00
15238.00 23598.00 15238.00 23748.63
15238.00 23748.63 15276.00 23786.63
15276.00 23786.63 15352.00 23786.63
15352.00 23786.63 15390.00 23824.63
15390.00 23824.63 15390.00 23900.63
15390.00 23900.63 15352.00 23938.63
15352.00 23938.63 15124.00 23938.63
15124.00 23938.63 15086.00 23976.63
15086.00 23976.63 15086.00 24052.63
15086.00 24052.63 15124.00 24090.63
15124.00 24090.63 15352.00 24090.63
15352.00 24090.63 15390.00 24128.63
15390.00 24128.63 15390.00 24204.63
15390.00 24204.63 15352.00 24242.63
15352.00 24242.63 15124.00 24242.63
15124.00 24242.63 15086.00 24280.63
15086.00 24280.63 15086.00 24356.63
15086.00 24356.63 15124.00 24394.63
15124.00 24394.63 15352.00 24394.63
15352.00 24394.63 15390.00 24432.63
15390.00 24432.63 15390.00 24508.63
15390.00 24508.63 15352.00 24546.63
15352.00 24546.63 15124.00 24546.63
15124.00 24546.63 15086.00 24584.63
15086.00 24584.63 15086.00 24660.63
15086.00 24660.63 15124.00 24698.63
15124.00 24698.63 15352.00 24698.63
15352.00 24698.63 15390.00 24736.63
15390.00 24736.63 15390.00 24812.63
15390.00 24812.63 15352.00 24850.63
15352.00 24850.63 15124.00 24850.63
15124.00 24850.63 15086.00 24888.63
15086.00 24888.63 15086.00 24964.63
15086.00 24964.63 15124.00 25002.63
15124.00 25002.63 15352.00 25002.63
15352.00 25002.63 15390.00 25040.63
15390.00 25040.63 15390.00 25116.63
15390.00 25116.63 15352.00 25154.63
15352.00 25154.63 15124.00 25154.63
15124.00 25154.63 15086.00 25192.63
15086.00 25192.63 15086.00 25268.63
15086.00 25268.63 15124.00 25306.63
15124.00 25306.63 15352.00 25306.63
15352.00 25306.63 15390.00 25344.63
15390.00 25344.63 15390.00 25420.63
15390.00 25420.63 15352.00 25458.63
15352.00 25458.63 15124.00 25458.63
15124.00 25458.63 15086.00 25496.63
15086.00 25496.63 15086.00 25572.63
15086.00 25572.63 15124.00 25610.63
15124.00 25610.63 15352.00 25610.63
15352.00 25610.63 15390.00 25648.63
15390.00 25648.63 15390.00 25724.63
15390.00 25724.63 15352.00 25762.63
15352.00 25762.63 15276.00 25762.63
15276.00 25762.63 15238.00 25800.63
15238.00 25800.63 15238.00 25985.00
15238.00 25985.00 15522.37 26269.37
15522.37 26269.37 15576.11 26269.37
15576.11 26269.37 15594.87 26250.61
15594.87 26250.61 15648.61 26250.61
15648.61 26250.61 15702.36 26304.36
15702.36 26304.36 15702.36 26358.10
15702.36 26358.10 15683.60 26376.86
15683.60 26376.86 15683.60 26430.60
15683.60 26430.60 15737.35 26484.35
15737.35 26484.35 15791.09 26484.35
15791.09 26484.35 15809.85 26465.59
15809.85 26465.59 15863.59 26465.59
15863.59 26465.59 15917.34 26519.34
15917.34 26519.34 15917.34 26573.08
15917.34 26573.08 15898.58 26591.84
15898.58 26591.84 15898.58 26645.58
15898.58 26645.58 15952.33 26699.33
15952.33 26699.33 16006.07 26699.33
16006.07 26699.33 16024.83 26680.57
16024.83 26680.57 16078.57 26680.57
16078.57 26680.57 16132.32 26734.32
16132.32 26734.32 16132.32 26788.06
16132.32 26788.06 16113.56 26806.82
16113.56 26806.82 16113.56 26860.56
16113.56 26860.56 16167.31 26914.31
16167.31 26914.31 16221.05 26914.31
16221.05 26914.31 16239.81 26895.55
16239.81 26895.55 16293.55 26895.55
16293.55 26895.55 16347.30 26949.30
16347.30 26949.30 16347.30 27003.04
16347.30 27003.04 16328.54 27021.80
16328.54 27021.80 16328.54 27075.54
16328.54 27075.54 16382.29 27129.29
16382.29 27129.29 16436.03 27129.29
16436.03 27129.29 16454.79 27110.53
16454.79 27110.53 16508.53 27110.53
16508.53 27110.53 16562.28 27164.28
16562.28 27164.28 16562.28 27218.02
16562.28 27218.02 16543.52 27236.78
16543.52 27236.78 16543.52 27290.52
16543.52 27290.52 16911.00 27658.00
16911.00 27658.00 17063.00 27658.00

DQ4_7
11166.50 20893.59 11248.91 20976.00
11248.91 20976.00 11514.00 20976.00
11514.00 20976.00 11691.00 21153.00
11691.00 21153.00 11691.00 21229.00
11691.00 21229.00 13680.00 23218.00
13680.00 23218.00 14288.00 23218.00
14288.00 23218.00 14820.00 23750.00
14820.00 23750.00 14820.00 25073.68
14820.00 25073.68 14782.00 25111.68
14782.00 25111.68 14744.00 25111.68
14744.00 25111.68 14706.00 25149.68
14706.00 25149.68 14706.00 25225.68
14706.00 25225.68 14744.00 25263.68
14744.00 25263.68 14896.00 25263.68
14896.00 25263.68 14934.00 25301.68
14934.00 25301.68 14934.00 25377.68
14934.00 25377.68 14896.00 25415.68
14896.00 25415.68 14744.00 25415.68
14744.00 25415.68 14706.00 25453.68
14706.00 25453.68 14706.00 25529.68
14706.00 25529.68 14744.00 25567.68
14744.00 25567.68 14896.00 25567.68
14896.00 25567.68 14934.00 25605.68
14934.00 25605.68 14934.00 25681.68
14934.00 25681.68 14896.00 25719.68
14896.00 25719.68 14858.00 25719.68
14858.00 25719.68 14820.00 25757.68
14820.00 25757.68 14820.00 25971.99
14820.00 25971.99 15057.12 26209.11
15057.12 26209.11 15110.86 26209.11
15110.86 26209.11 15142.11 26177.86
15142.11 26177.86 15195.85 26177.87
15195.85 26177.87 15249.61 26231.63
15249.61 26231.63 15249.60 26285.35
15249.60 26285.35 15133.36 26401.59
15133.36 26401.59 15133.35 26455.31
15133.35 26455.31 15187.11 26509.07
15187.11 26509.07 15240.85 26509.08
15240.85 26509.08 15357.09 26392.84
15357.09 26392.84 15410.83 26392.85
15410.83 26392.85 15464.59 26446.61
15464.59 26446.61 15464.58 26500.33
15464.58 26500.33 15348.34 26616.57
15348.34 26616.57 15348.33 26670.29
15348.33 26670.29 15402.09 26724.05
15402.09 26724.05 15455.83 26724.06
15455.83 26724.06 15572.07 26607.82
15572.07 26607.82 15625.81 26607.83
15625.81 26607.83 15679.57 26661.59
15679.57 26661.59 15679.56 26715.31
15679.56 26715.31 15563.32 26831.55
15563.32 26831.55 15563.31 26885.27
15563.31 26885.27 15617.07 26939.03
15617.07 26939.03 15670.81 26939.04
15670.81 26939.04 15787.05 26822.80
15787.05 26822.80 15840.79 26822.81
15840.79 26822.81 15894.55 26876.57
15894.55 26876.57 15894.54 26930.29
15894.54 26930.29 15778.30 27046.53
15778.30 27046.53 15778.29 27100.25
15778.29 27100.25 15832.05 27154.01
15832.05 27154.01 15885.79 27154.02
15885.79 27154.02 16002.03 27037.78
16002.03 27037.78 16055.77 27037.79
16055.77 27037.79 16109.53 27091.55
16109.53 27091.55 16109.52 27145.27
16109.52 27145.27 15993.28 27261.51
15993.28 27261.51 15993.27 27315.23
15993.27 27315.23 16047.03 27368.99
16047.03 27368.99 16100.77 27369.00
16100.77 27369.00 16217.01 27252.76
16217.01 27252.76 16270.75 27252.77
16270.75 27252.77 16324.51 27306.53
16324.51 27306.53 16324.50 27360.25
16324.50 27360.25 16208.26 27476.49
16208.26 27476.49 16208.25 27530.21
16208.25 27530.21 16262.01 27583.97
16262.01 27583.97 16315.75 27583.98
16315.75 27583.98 16431.99 27467.74
16431.99 27467.74 16485.73 27467.75
16485.73 27467.75 16539.48 27521.50
16539.48 27521.50 16539.48 27575.24
16539.48 27575.24 16508.23 27606.49
16508.23 27606.49 16508.22 27660.21
16508.22 27660.21 16816.01 27968.00
16816.01 27968.00 17553.00 27968.00
17553.00 27968.00 17863.00 27658.00